1 8.94922e+22
2 8.94683e+22
3 8.9469e+22
4 8.94695e+22
5 8.94701e+22
6 8.94708e+22
7 8.94717e+22
8 8.94729e+22
9 8.94745e+22
10 8.94767e+22
11 8.94796e+22
12 8.94832e+22
13 8.94878e+22
14 8.94934e+22
15 8.95001e+22
16 8.9508e+22
17 8.95173e+22
18 8.95279e+22
19 8.954e+22
20 8.95536e+22
21 8.95687e+22
22 8.95854e+22
23 8.96036e+22
24 8.96232e+22
25 8.96443e+22
26 8.96666e+22
27 8.96901e+22
28 8.97146e+22
29 8.97398e+22
30 8.97657e+22
31 8.97919e+22
32 8.98182e+22
33 8.98442e+22
34 8.98697e+22
35 8.98943e+22
36 8.99177e+22
37 8.99396e+22
38 8.99597e+22
39 8.99776e+22
40 8.99931e+22
41 9.0006e+22
42 9.00159e+22
43 9.00226e+22
44 9.00261e+22
45 9.00261e+22
46 9.00226e+22
47 9.00154e+22
48 9.00047e+22
49 8.99903e+22
50 8.99724e+22
51 8.9951e+22
52 8.99262e+22
53 8.98982e+22
54 8.98672e+22
55 8.98333e+22
56 8.97967e+22
57 8.97577e+22
58 8.97165e+22
59 8.96734e+22
60 8.96286e+22
61 8.95824e+22
62 8.95351e+22
63 8.94871e+22
64 8.94385e+22
65 8.93896e+22
66 8.93409e+22
67 8.92925e+22
68 8.92448e+22
69 8.91981e+22
70 8.91527e+22
71 8.91088e+22
72 8.90669e+22
73 8.90272e+22
74 8.89899e+22
75 8.89555e+22
76 8.89242e+22
77 8.88962e+22
78 8.88719e+22
79 8.88516e+22
80 8.88355e+22
81 8.88238e+22
82 8.88169e+22
83 8.8815e+22
84 8.88182e+22
85 8.88268e+22
86 8.88409e+22
87 8.88607e+22
88 8.88862e+22
89 8.89176e+22
90 8.89548e+22
91 8.89978e+22
92 8.90467e+22
93 8.91011e+22
94 8.91609e+22
95 8.92259e+22
96 8.92958e+22
97 8.937e+22
98 8.94482e+22
99 8.95299e+22
100 8.96143e+22

