1 1.70495e+23
2 1.70452e+23
3 1.70403e+23
4 1.70346e+23
5 1.70293e+23
6 1.70255e+23
7 1.70243e+23
8 1.70261e+23
9 1.70307e+23
10 1.70376e+23
11 1.7046e+23
12 1.70552e+23
13 1.70642e+23
14 1.70725e+23
15 1.70793e+23
16 1.70842e+23
17 1.70865e+23
18 1.70858e+23
19 1.70817e+23
20 1.70738e+23
21 1.7062e+23
22 1.70465e+23
23 1.7028e+23
24 1.70079e+23
25 1.69885e+23
26 1.69726e+23
27 1.69632e+23
28 1.69625e+23
29 1.6971e+23
30 1.69875e+23
31 1.70097e+23
32 1.70347e+23
33 1.70601e+23
34 1.70839e+23
35 1.71046e+23
36 1.71211e+23
37 1.71328e+23
38 1.7139e+23
39 1.71393e+23
40 1.71333e+23
41 1.71207e+23
42 1.71014e+23
43 1.70755e+23
44 1.70439e+23
45 1.70083e+23
46 1.69714e+23
47 1.69373e+23
48 1.6911e+23
49 1.68972e+23
50 1.68991e+23
51 1.6917e+23
52 1.6948e+23
53 1.69876e+23
54 1.70308e+23
55 1.70733e+23
56 1.71119e+23
57 1.71444e+23
58 1.71694e+23
59 1.71861e+23
60 1.71939e+23
61 1.71924e+23
62 1.71812e+23
63 1.71603e+23
64 1.71296e+23
65 1.70899e+23
66 1.70424e+23
67 1.69896e+23
68 1.69358e+23
69 1.68869e+23
70 1.68498e+23
71 1.68313e+23
72 1.68355e+23
73 1.68624e+23
74 1.69077e+23
75 1.69646e+23
76 1.7026e+23
77 1.70857e+23
78 1.71392e+23
79 1.71836e+23
80 1.72173e+23
81 1.72392e+23
82 1.72488e+23
83 1.72456e+23
84 1.72295e+23
85 1.72004e+23
86 1.71586e+23
87 1.71051e+23
88 1.70417e+23
89 1.69719e+23
90 1.69012e+23
91 1.68372e+23
92 1.67891e+23
93 1.67654e+23
94 1.67715e+23
95 1.68071e+23
96 1.68665e+23
97 1.69407e+23
98 1.70203e+23
99 1.70972e+23
100 1.71658e+23