1 6.92923e+22
2 6.92803e+22
3 6.92758e+22
4 6.92709e+22
5 6.92657e+22
6 6.92601e+22
7 6.92543e+22
8 6.92483e+22
9 6.92423e+22
10 6.92362e+22
11 6.92302e+22
12 6.92243e+22
13 6.92187e+22
14 6.92133e+22
15 6.92083e+22
16 6.92038e+22
17 6.91998e+22
18 6.91963e+22
19 6.91935e+22
20 6.91914e+22
21 6.919e+22
22 6.91894e+22
23 6.91896e+22
24 6.91906e+22
25 6.91924e+22
26 6.91951e+22
27 6.91986e+22
28 6.92029e+22
29 6.9208e+22
30 6.92139e+22
31 6.92205e+22
32 6.92277e+22
33 6.92356e+22
34 6.9244e+22
35 6.92529e+22
36 6.92622e+22
37 6.92718e+22
38 6.92817e+22
39 6.92917e+22
40 6.93017e+22
41 6.93117e+22
42 6.93217e+22
43 6.93314e+22
44 6.93408e+22
45 6.93498e+22
46 6.93583e+22
47 6.93663e+22
48 6.93736e+22
49 6.93803e+22
50 6.93861e+22
51 6.93911e+22
52 6.93951e+22
53 6.93982e+22
54 6.94003e+22
55 6.94013e+22
56 6.94012e+22
57 6.94e+22
58 6.93977e+22
59 6.93942e+22
60 6.93895e+22
61 6.93837e+22
62 6.93767e+22
63 6.93686e+22
64 6.93595e+22
65 6.93493e+22
66 6.9338e+22
67 6.93259e+22
68 6.93128e+22
69 6.9299e+22
70 6.92844e+22
71 6.92692e+22
72 6.92535e+22
73 6.92373e+22
74 6.92208e+22
75 6.92042e+22
76 6.91874e+22
77 6.91707e+22
78 6.91542e+22
79 6.91379e+22
80 6.91222e+22
81 6.9107e+22
82 6.90926e+22
83 6.9079e+22
84 6.90665e+22
85 6.9055e+22
86 6.90449e+22
87 6.9036e+22
88 6.90287e+22
89 6.90229e+22
90 6.90188e+22
91 6.90164e+22
92 6.90158e+22
93 6.9017e+22
94 6.90201e+22
95 6.90251e+22
96 6.9032e+22
97 6.90407e+22
98 6.90513e+22
99 6.90636e+22
100 6.90776e+22