1988544e+24 1.760488958483071E+08 9.875252902297782E+08 -1.573797110833146E+07 -1.132282791619344E+01 7.477250844103222E+00 2.706990021685072E-01
3.3011E+23 -4.717086923247553E+10 -4.658098800692573E+10 4.408615368260201E+08 2.460158265745063E+04 -3.213703519494168E+04 -4.884338418788728E+03
4.8685E+24 2.558146792926181E+10 1.057344358605348E+11 -4.492472051895410E+07 -3.416456189667304E+04 8.091023361936490E+03 2.082021435512853E+03
5.9736E+24 -1.390544860575695E+11 -5.467149904958969E+10 -1.265712018897012E+07 1.055782268186473E+04 -2.777514596780827E+04 2.390259094655178E+00
641.85E+21 -1.032588043781101E+11 -2.012373889457586E+11 -1.714644236932978E+09 2.247279417687604E+04 -8.949427929968566E+03 -7.391737571416908E+02
1.314E+22 1.658258491387330E+12 -4.734688618993958E+12 2.697407440549350E+10 5.247058252569257E+03 6.558196024670961E+02 -1.587944278812200E+03
1.8986E+27 -5.621261198340257E+11 -5.818983708720984E+11 1.498705736839616E+10 9.243284062412863E+03 -8.454859433764351E+03 -1.715895856648268E+02
568.46E+24 8.677524801346795E+10 -1.502147789191631E+12 2.266401480853170E+10 9.112792760065325E+03 5.247725269806273E+02 -3.712447867138232E+02
86.8103E+24 2.623367944824930E+12 1.405683055029079E+12 -2.876535027411944E+10 -3.266204264210137E+03 5.685137212625735E+03  6.356271281140113E+01
102.41E+24 4.303763539516645E+12 -1.239504777219056E+12 -7.365936299978620E+10 1.467923929028222E+03 5.254557247113130E+03 -1.425878929450954E+02

Dans l'ordre :
soleil
mercure
venus 
terre
mars 
pluton 
jupiter 
saturne 
uranus 
neptune






